17
66
216
265
909
978
1368
1446
1457
1491
1493
1546
1547
1568
1727
1740
2130
2278
2332
2469
2959
3372
3541
3695
4172
4185
4190
4899
5022
5403
5625
6102
6713
6868
6903
7635
7910
8185
8366
8539
8753
8804
9274
9671
9945
9990
10144
10254
10495
10520
10559
10759
10894
11011
11329
11559
11644
12058
12089
12479
12487
12787
12992
13123
13344
13418
13432
13750
13766
14089
14091
14376
14386
14543
14877
15178
15264
15270
15685
15744
15939
16519
16602
16717
16732
16743
16767
16913
16918
17315
17424
17635
17800
17997
18512
18675
18898
18970
18991
19189
19312
19445
19522
19750
20143
20217
20541
20924
20962
21157
22033
22513
22660
22701
23102
23201
23402
23504
23713
23733
23861
23972
24309
24584
25008
25282
25372
25405
25442
25474
25524
25734
25793
25971
26012
26145
26279
26450
26684
26686
26697
26797
26953
27019
27026
27078
27153
27180
27218
27226
27369
27465
27466
27477
27509
27530
27538
27602
27607
27660
27668
27895
27969
27991
28096
28128
28163
28355
28452
28457
28521
28632
28652
28681
28708
28741
28895
29035
29036
29158
29260
29272
29398
29469
29611
29691
29709
29722
29782
29830
29901
30286
30589
30634
30779
30900
30905
31437
31468
31578
31579
32319
32346
32387
32483
33505
34186
34233
34379
34834
35125
35197
35783
36015
36536
36909
36938
37026
37134
37161
37277
37293
37347
37378
37480
37503
37521
37536
37561
37651
37861
38016
38215
38400
38455
38549
38654
38657
38806
38942
39567
39582
39744
40185
40372
40456
40737
40899
40921
40985
41006
41021
41035
41046
41067
41109
41144
41197
41248
41323
41337
41520
41684
41809
41980
42001
42092
42201
42270
42296
42458
42470
42497
42597
42615
42745
43038
43056
43435
43462
43470
43523
43593
43701
43742
43837
43975
44044
44533
44777
44786
44976
44998
45009
45191
45259
45301
45594
45607
45609
45722
45744
45890
46183
46273
46325
46381
47273
47346
47619
47634
48179
48329
48580
48722
48852
49452
50683
50773
51351
51619
51871
51978
52100
52616
52745
53015
53432
53724
53730
53788
53796
54293
54510
54533
54775
54929
55065
55066
55158
55241
55356
55434
55482
55648
55692
55704
55741
55891
56120
56123
56142
56381
56446
56594
56611
56850
56874
56951
57150