17
23
55
66
90
98
158
162
183
187
196
209
216
223
234
251
252
253
265
294
342
368
481
532
538
548
582
638
681
728
729
757
774
804
812
880
897
909
916
938
970
978
995
997
1031
1071
1099
1116
1123
1135
1163
1182
1184
1199
1223
1236
1247
1290
1314
1315
1353
1368
1387
1389
1406
1410
1446
1457
1461
1491
1493
1510
1527
1546
1547
1554
1568
1579
1598
1624
1626
1629
1633
1646
1675
1703
1727
1740
1746
1769
1796
1909
1926
1942
1978
1996
2053
2094
2130
2139
2145
2157
2194
2212
2247
2278
2283
2291
2295
2321
2323
2332
2384
2432
2448
2469
2478
2485
2521
2544
2550
2569
2594
2617
2624
2625
2629
2636
2672
2687
2695
2715
2734
2754
2778
2846
2879
2880
2940
2959
2966
2976
2990
3035
3065
3141
3151
3155
3194
3197
3219
3230
3234
3248
3251
3310
3372
3381
3406
3414
3415
3433
3443
3469
3494
3509
3537
3541
3545
3554
3560
3575
3595
3695
3701
3715
3731
3760
3832
3878
3913
3916
3921
3959
3992
3999
4025
4041
4060
4072
4149
4171
4172
4185
4188
4190
4208
4213
4215
4263
4274
4291
4337
4378
4390
4421
4425
4426
4490
4492
4562
4596
4631
4633
4652
4655
4683
4702
4717
4723
4730
4779
4789
4803
4899
4935
5011
5022
5095
5105
5121
5130
5147
5255
5301
5310
5314
5339
5383
5403
5430
5444
5457
5482
5484
5496
5538
5548
5599
5625
5685
5705
5712
5718
5735
5742
5749
5756
5769
5778
5784
5807
5854
5882
5934
5935
6002
6039
6102
6137
6143
6201
6231
6366
6377
6632
6635
6662
6672
6678
6693
6699
6713
6750
6797
6805
6830
6862
6868
6887
6900
6903
6914
6921
6932
6967
6981
7053
7054
7271
7313
7346
7412
7415
7438
7502
7542
7553
7635
7641
7835
7859
7910
7938
7967
8014
8048
8063
8112
8134
8164
8171
8185
8246
8251
8275
8332
8366
8397
8436
8464
8478
8484
8509
8516
8529
8539
8559
8561
8582
8586
8594
8602
8612
8619
8691
8753
8791
8792
8802
8804
8811
8826
8899
8910
8920
8969
8979
9019
9071
9093
9124
9132
9237
9246
9257
9274
9277
9298
9305
9312
9325
9382
9398
9440
9528
9538
9554
9555
9644
9650
9651
9671
9713
9727
9738
9758
9881
9897
9926
9945
9954
9961
9963
9974
9990
10001
10036
10042
10072
10080
10130
10133
10144
10150
10158
10224
10230
10244
10254
10258
10261
10271
10334
10342
10359
10406
10447
10464
10492
10495
10515
10517
10520
10552
10557
10559
10607
10632
10634
10637
10657
10665
10682
10695
10712
10720
10753
10759
10761
10774
10825
10846
10849
10859
10863
10872
10883
10894
10905
10917
10939
10964
11011
11020
11055
11058
11059
11142
11155
11173
11179
11246
11270
11275
11293
11298
11302
11329
11381
11403
11447
11454
11455
11459
11466
11475
11510
11517
11521
11529
11555
11559
11578
11603
11636
11644
11681
11721
11766
11817
11889
11897
11902
11932
11934
11943
12010
12046
12048
12058
12078
12089
12118
12134
12154
12174
12241
12242
12254
12256
12280
12299
12300
12304
12315
12328
12342
12366
12380
12382
12405
12415
12421
12455
12479
12487
12512
12581
12657
12662
12669
12682
12760
12768
12787
12802
12807
12833
12835
12848
12870
12881
12892
12897
12917
12951
12992
13016
13025
13032
13123
13125
13137
13145
13183
13188
13207
13221
13246
13261
13326
13344
13363
13366
13418
13432
13501
13502
13512
13593
13595
13602
13646
13650
13677
13678
13703
13722
13738
13750
13755
13766
13794
13819
13843
13885
13926
13985
13996
14003
14004
14019
14023
14035
14038
14046
14054
14063
14074
14089
14091
14101
14162
14174
14214
14228
14247
14262
14271
14284
14314
14376
14386
14391
14432
14492
14532
14543
14568
14576
14582
14590
14608
14698
14717
14724
14739
14747
14758
14822
14860
14877
14904
14927
14944
15001
15041
15046
15067
15072
15124
15178
15203
15223
15258
15264
15270
15343
15358
15424
15441
15471
15491
15576
15590
15685
15707
15715
15725
15744
15794
15859
15939
15972
16033
16056
16098
16104
16165
16179
16275
16305
16327
16339
16410
16450
16454
16491
16519
16535
16552
16578
16585
16596
16597
16602
16659
16670
16703
16717
16723
16732
16735
16743
16758
16760
16767
16776
16785
16788
16807
16821
16847
16897
16900
16913
16918
16951
16985
17058
17088
17091
17147
17193
17199
17202
17227
17235
17244
17268
17280
17307
17315
17407
17424
17443
17482
17506
17524
17631
17635
17660
17677
17696
17706
17707
17733
17800
17997
18044
18080
18147
18153
18158
18173
18239
18266
18282
18284
18287
18341
18352
18377
18429
18432
18474
18507
18512
18519
18520
18523
18546
18609
18629
18656
18665
18675
18684
18695
18741
18805
18855
18898
18932
18970
18971
18976
18991
19038
19041
19064
19116
19123
19129
19154
19168
19189
19199
19215
19221
19222
19246
19262
19304
19312
19329
19362
19390
19391
19392
19425
19436
19438
19445
19481
19511
19522
19532
19535
19603
19616
19664
19699
19738
19746
19750
19817
19819
19911
19952
19954
19955
19995
20115
20127
20143
20215
20217
20237
20238
20245
20258
20265
20295
20334
20364
20406
20452
20539
20541
20543
20551
20559
20570
20584
20608
20618
20660
20723
20735
20761
20798
20804
20807
20864
20878
20891
20896
20924
20950
20962
20964
20992
21036
21037
21075
21080
21084
21157
21244
21253
21284
21336
21352
21361
21367
21375
21380
21405
21407
21419
21420
21427
21437
21447
21456
21492
21520
21560
21571
21728
21744
21751
21799
21810
21829
21841
21853
21860
21904
21924
21954
22026
22029
22033
22049
22051
22054
22070
22104
22145
22200
22239
22253
22279
22315
22326
22366
22378
22388
22427
22470
22477
22513
22520
22552
22560
22565
22598
22614
22660
22701
22743
22751
22753
22778
22845
22854
22888
22920
22923
22941
22970
22976
23014
23067
23075
23102
23113
23129
23130
23150
23162
23165
23201
23209
23210
23248
23274
23339
23348
23374
23402
23405
23416
23428
23444
23458
23471
23477
23492
23504
23531
23539
23544
23573
23618
23644
23708
23713
23733
23757
23812
23847
23861
23865
23867
23871
23915
23935
23972
23984
23993
24032
24037
24045
24093
24119
24124
24136
24137
24149
24218
24246
24257
24276
24309
24328
24363
24379
24418
24455
24463
24473
24478
24517
24560
24584
24608
24656
24684
24703
24715
24729
24734
24762
24782
24804
24830
24872
24900
24929
24934
24942
25008
25017
25029
25051
25111
25115
25129
25133
25170
25236
25246
25271
25282
25301
25304
25313
25349
25354
25372
25384
25391
25405
25417
25439
25442
25457
25474
25492
25524
25548
25551
25558
25559
25599
25607
25617
25628
25717
25721
25723
25729
25734
25793
25923
25943
25960
25970
25971
25990
25992
25993
26012
26015
26098
26145
26156
26159
26166
26187
26209
26262
26279
26301
26334
26359
26364
26426
26428
26450
26484
26499
26543
26619
26662
26674
26684
26686
26697
26714
26797
26801
26820
26826
26888
26894
26912
26913
26919
26953
26959
27013
27019
27026
27056
27067
27078
27103
27106
27114
27137
27153
27180
27183
27191
27201
27203
27218
27226
27228
27250
27275
27285
27347
27349
27351
27369
27387
27430
27459
27465
27466
27477
27483
27504
27509
27530
27538
27539
27546
27602
27607
27646
27660
27664
27668
27672
27686
27695
27707
27711
27722
27734
27755
27779
27782
27788
27844
27851
27891
27895
27914
27928
27954
27957
27969
27991
28005
28012
28052
28095
28096
28116
28128
28153
28163
28173
28208
28236
28258
28266
28269
28278
28290
28291
28350
28355
28364
28368
28385
28429
28434
28437
28440
28449
28452
28456
28457
28458
28481
28489
28492
28521
28528
28555
28582
28597
28601
28602
28616
28632
28641
28652
28672
28674
28677
28681
28684
28708
28709
28714
28741
28751
28761
28868
28876
28886
28887
28895
28922
28925
28951
28953
29030
29035
29036
29041
29070
29072
29078
29080
29103
29130
29141
29158
29186
29191
29192
29239
29244
29260
29270
29272
29322
29327
29339
29361
29385
29388
29398
29423
29426
29433
29438
29442
29454
29469
29492
29532
29554
29562
29564
29574
29575
29584
29586
29589
29591
29603
29611
29662
29691
29698
29709
29722
29758
29759
29772
29782
29787
29809
29811
29824
29830
29850
29873
29901
29925
29933
29960
29987
30027
30052
30056
30065
30083
30089
30104
30169
30173
30220
30233
30234
30249
30286
30290
30302
30314
30318
30319
30333
30341
30348
30448
30476
30550
30573
30589
30602
30630
30634
30662
30677
30755
30766
30779
30817
30886
30900
30905
30961
30983
30985
30988
31015
31058
31069
31105
31125
31179
31237
31267
31275
31380
31421
31437
31443
31467
31468
31478
31497
31514
31564
31567
31572
31578
31579
31704
31752
31785
31789
31807
31839
31844
31862
31863
31864
31867
31884
31885
31890
31892
31908
31925
31932
31952
32030
32032
32044
32072
32079
32097
32099
32105
32106
32118
32148
32182
32193
32202
32216
32231
32301
32319
32345
32346
32356
32387
32400
32428
32435
32437
32441
32444
32460
32478
32483
32518
32532
32607
32653
32684
32723
32783
32834
32844
32892
32904
32926
32936
32962
33045
33059
33061
33074
33080
33102
33104
33107
33115
33129
33137
33141
33151
33172
33173
33180
33203
33251
33283
33286
33344
33367
33404
33418
33469
33477
33480
33498
33505
33520
33547
33561
33568
33650
33694
33705
33709
33743
33759
33807
33833
33871
33884
33896
33899
33915
33944
33971
34003
34004
34021
34033
34044
34053
34060
34095
34097
34160
34161
34176
34179
34186
34199
34233
34313
34356
34379
34385
34395
34453
34489
34525
34573
34618
34620
34627
34635
34637
34687
34691
34715
34770
34773
34781
34815
34825
34834
34838
34907
34997
35031
35081
35088
35118
35121
35125
35133
35197
35338
35345
35439
35475
35484
35529
35541
35577
35602
35623
35653
35681
35703
35710
35719
35783
35794
35822
35837
35905
35924
35944
35965
35967
36005
36015
36057
36060
36134
36169
36188
36191
36212
36213
36233
36247
36263
36265
36285
36321
36322
36325
36442
36536
36539
36559
36567
36571
36580
36622
36685
36693
36700
36706
36712
36736
36746
36784
36792
36813
36833
36846
36851
36878
36895
36909
36938
36964
36965
36988
37000
37009
37016
37026
37028
37050
37061
37072
37081
37117
37134
37140
37161
37168
37175
37176
37207
37223
37247
37277
37291
37293
37347
37365
37376
37378
37393
37401
37471
37480
37503
37507
37521
37536
37561
37593
37612
37646
37651
37657
37666
37671
37700
37723
37759
37791
37801
37818
37856
37857
37861
37876
37891
37969
37972
38016
38044
38052
38083
38087
38106
38128
38176
38215
38246
38262
38301
38348
38372
38400
38443
38455
38466
38525
38542
38548
38549
38551
38615
38619
38643
38654
38657
38663
38675
38721
38733
38765
38791
38793
38796
38806
38818
38846
38847
38855
38883
38891
38900
38922
38942
38994
38995
39069
39106
39114
39117
39201
39207
39234
39261
39265
39280
39288
39302
39306
39327
39336
39338
39343
39348
39377
39395
39420
39503
39562
39564
39567
39582
39589
39613
39629
39684
39693
39698
39718
39736
39744
39750
39796
39812
39816
39819
39834
39836
39841
39911
39956
39967
39984
40003
40006
40008
40042
40060
40075
40126
40176
40185
40203
40227
40256
40258
40267
40277
40279
40293
40342
40351
40367
40372
40408
40423
40441
40456
40478
40529
40545
40565
40581
40632
40641
40661
40684
40689
40696
40712
40731
40737
40742
40743
40749
40774
40794
40805
40824
40851
40871
40874
40882
40899
40910
40921
40936
40985
41006
41013
41021
41027
41035
41046
41048
41063
41067
41080
41086
41092
41109
41112
41124
41144
41165
41177
41197
41216
41248
41261
41283
41310
41313
41320
41323
41337
41389
41408
41424
41430
41502
41520
41532
41550
41558
41563
41564
41587
41601
41610
41617
41619
41634
41642
41646
41654
41655
41673
41680
41684
41693
41715
41752
41756
41789
41790
41809
41839
41843
41845
41854
41858
41895
41930
41943
41980
42001
42022
42033
42092
42100
42135
42152
42153
42180
42190
42201
42210
42222
42223
42270
42271
42296
42322
42346
42450
42457
42458
42470
42488
42492
42497
42508
42515
42533
42597
42598
42614
42615
42650
42669
42706
42718
42745
42803
42860
42873
42889
43007
43012
43026
43038
43056
43098
43104
43107
43118
43125
43162
43171
43212
43231
43235
43257
43258
43300
43306
43307
43311
43315
43316
43328
43344
43350
43357
43366
43396
43430
43433
43435
43462
43468
43470
43471
43472
43479
43502
43523
43533
43578
43593
43596
43600
43611
43613
43664
43670
43688
43701
43719
43733
43738
43742
43752
43762
43825
43837
43844
43864
43933
43940
43962
43964
43966
43969
43975
43977
43980
44004
44009
44037
44044
44051
44073
44077
44096
44100
44125
44156
44201
44229
44240
44272
44286
44328
44373
44380
44395
44406
44422
44472
44477
44504
44507
44533
44535
44576
44582
44659
44713
44777
44786
44792
44889
44905
44913
44942
44954
44976
44984
44998
45009
45019
45030
45036
45052
45099
45119
45191
45201
45204
45249
45259
45269
45301
45309
45360
45392
45484
45496
45550
45555
45581
45594
45595
45607
45609
45635
45641
45652
45715
45720
45722
45723
45727
45737
45744
45764
45790
45872
45877
45890
45904
45953
45960
46004
46021
46098
46127
46183
46218
46273
46293
46305
46325
46328
46381
46410
46456
46502
46523
46579
46601
46672
46687
46694
46703
46732
46760
46798
46815
46818
46826
46880
46911
46912
46936
46951
46955
46968
46998
47003
47005
47009
47212
47218
47227
47256
47262
47263
47273
47346
47401
47411
47427
47435
47456
47472
47476
47518
47526
47590
47601
47606
47619
47629
47634
47728
47759
47767
47821
47836
47880
47909
47922
47965
47969
47994
48010
48056
48057
48066
48069
48077
48106
48109
48138
48140
48147
48152
48168
48179
48200
48248
48262
48268
48284
48315
48329
48347
48349
48350
48354
48362
48374
48375
48397
48401
48408
48413
48430
48432
48470
48472
48479
48486
48520
48522
48533
48534
48541
48569
48570
48580
48587
48589
48597
48633
48647
48652
48716
48722
48728
48731
48755
48765
48775
48797
48811
48840
48852
48886
48892
48893
48895
48911
48983
49017
49036
49041
49054
49070
49071
49132
49133
49142
49144
49162
49173
49200
49205
49207
49219
49237
49299
49301
49344
49352
49400
49413
49421
49426
49441
49448
49452
49464
49508
49531
49533
49547
49554
49563
49583
49605
49702
49707
49729
49745
49749
49759
49774
49782
49784
49807
49858
49864
49896
49903
49909
49936
49958
49976
49982
49987
49988
49998
50002
50013
50019
50029
50064
50075
50085
50147
50156
50173
50193
50253
50280
50291
50315
50320
50326
50353
50361
50384
50401
50411
50448
50451
50507
50533
50542
50549
50610
50641
50650
50681
50683
50769
50773
50821
50826
50829
50854
50866
50868
50877
50892
50905
50928
50958
50972
50991
51003
51037
51071
51073
51078
51082
51088
51098
51143
51182
51207
51208
51296
51317
51330
51350
51351
51416
51488
51506
51528
51533
51536
51543
51603
51619
51634
51683
51686
51691
51716
51718
51720
51725
51748
51777
51778
51813
51852
51861
51864
51871
51879
51938
51944
51953
51978
51979
51989
52016
52060
52100
52118
52128
52160
52248
52254
52280
52297
52317
52332
52334
52359
52376
52392
52411
52435
52456
52478
52512
52519
52527
52547
52554
52562
52609
52616
52618
52630
52643
52644
52650
52673
52679
52685
52721
52727
52733
52743
52745
52779
52816
52887
52889
52904
52913
52951
52952
52974
52988
52996
53015
53115
53194
53230
53233
53257
53274
53284
53300
53377
53386
53400
53401
53432
53439
53445
53477
53509
53532
53534
53570
53587
53646
53647
53650
53653
53654
53666
53686
53694
53723
53724
53730
53736
53751
53775
53788
53796
53797
53828
53902
53920
53930
53934
53942
53972
53977
53997
54002
54086
54090
54117
54122
54139
54154
54168
54183
54226
54293
54307
54311
54316
54317
54325
54328
54333
54391
54401
54445
54490
54504
54510
54533
54579
54581
54604
54619
54634
54736
54765
54775
54822
54832
54835
54842
54843
54929
54947
54952
54985
55013
55054
55065
55066
55110
55125
55158
55167
55169
55173
55199
55210
55241
55254
55281
55283
55319
55356
55390
55429
55434
55471
55482
55539
55562
55568
55570
55579
55582
55638
55648
55692
55704
55741
55801
55804
55826
55860
55891
55896
55900
55924
55952
55993
56001
56019
56035
56045
56047
56085
56098
56120
56123
56142
56159
56166
56198
56206
56215
56284
56320
56334
56340
56381
56427
56446
56447
56466
56537
56590
56594
56597
56611
56650
56654
56658
56710
56718
56720
56753
56821
56838
56850
56871
56874
56886
56888
56898
56907
56931
56951
56965
57018
57038
57051
57108
57127
57150
57159